E387_smoothed
    1       0    
   0.9967700      0.4300000E-03
   0.9872900      0.1800000E-02
   0.9719800      0.4230000E-02
   0.9512800      0.7630000E-02
   0.9255400      0.1184000E-01
   0.8951000      0.1679000E-01
   0.8603500      0.2242000E-01
   0.8218300      0.2866000E-01
   0.7800700      0.3540000E-01
   0.7356700      0.4249000E-01
   0.6892200      0.4975000E-01
   0.6413600      0.5696000E-01
   0.5927200      0.6390000E-01
   0.5439400      0.7020000E-01
   0.4954900      0.7546000E-01
   0.4476700      0.7936000E-01
   0.4007700      0.8173000E-01
   0.3550500      0.8247000E-01
   0.3107800      0.8156000E-01
   0.2681300      0.7908000E-01
   0.2274200      0.7529000E-01
   0.1890600      0.7037000E-01
   0.1534500      0.6448000E-01
   0.1209400      0.5775000E-01
   0.9185394E-01  0.5031602E-01
   0.6644664E-01  0.4233227E-01
   0.4496721E-01  0.3399418E-01
   0.2752745E-01  0.2553399E-01
   0.2054186E-01  0.2145942E-01
   0.1424665E-01  0.1723736E-01
   0.9119913E-02  0.1318760E-01
   0.5136296E-02  0.9361025E-02
   0.3428975E-02  0.7378020E-02
   0.2158169E-02  0.5641632E-02
   0.1052641E-02  0.3766226E-02
   0.4343647E-03  0.2341987E-02
   0.1146408E-03  0.1197748E-02
   0.1357278E-18  0.1584055E-20
   0.2239346E-03 -0.1445003E-02
   0.9097901E-03 -0.2860144E-02
   0.1782628E-02 -0.3864946E-02
   0.2840737E-02 -0.4705520E-02
   0.4602732E-02 -0.5738671E-02
   0.7150194E-02 -0.6874240E-02
   0.1274825E-01 -0.8695412E-02
   0.1890509E-01 -0.1014619E-01
   0.2626891E-01 -0.1144032E-01
   0.3596000E-01 -0.1265000E-01
   0.4675082E-01 -0.1357800E-01
   0.5827000E-01 -0.1425000E-01
   0.8569000E-01 -0.1500000E-01
   0.1180000     -0.1502000E-01
   0.1549000     -0.1441000E-01
   0.1959900     -0.1329000E-01
   0.2408300     -0.1177000E-01
   0.2889200     -0.9980000E-02
   0.3396800     -0.8040000E-02
   0.3925200     -0.6050000E-02
   0.4467900     -0.4100000E-02
   0.5018200     -0.2280000E-02
   0.5569400     -0.6500000E-03
   0.6114700      0.7400000E-03
   0.6647200      0.1860000E-02
   0.7160200      0.2680000E-02
   0.7647500      0.3200000E-02
   0.8102700      0.3420000E-02
   0.8520200      0.3370000E-02
   0.8894400      0.3070000E-02
   0.9220500      0.2580000E-02
   0.9494200      0.1960000E-02
   0.9711800      0.1320000E-02
   0.9870500      0.7100000E-03
   0.9967400      0.2100000E-03
    1       0    