HT13 sharp TE
    1.000000      0.0
   0.9924959      0.3149771E-03
   0.9812346      0.7900143E-03
   0.9679720      0.1353634E-02
   0.9536661      0.1964442E-02
   0.9390062      0.2593176E-02
   0.9242303      0.3230337E-02
   0.9094195      0.3873138E-02
   0.8945934      0.4519719E-02
   0.8797634      0.5166642E-02
   0.8649397      0.5815863E-02
   0.8501176      0.6464475E-02
   0.8352943      0.7111506E-02
   0.8204701      0.7760667E-02
   0.8056455      0.8408054E-02
   0.7908225      0.9056150E-02
   0.7760043      0.9703895E-02
   0.7611886      0.1034878E-01
   0.7463753      0.1099634E-01
   0.7315642      0.1164105E-01
   0.7167507      0.1228518E-01
   0.7019325      0.1293224E-01
   0.6871033      0.1357666E-01
   0.6722688      0.1422026E-01
   0.6574461      0.1486620E-01
   0.6426329      0.1551233E-01
   0.6278231      0.1615465E-01
   0.6130121      0.1680080E-01
   0.5981938      0.1744662E-01
   0.5833651      0.1809031E-01
   0.5685351      0.1873583E-01
   0.5537161      0.1938274E-01
   0.5389094      0.2002499E-01
   0.5241110      0.2066699E-01
   0.5093300      0.2130905E-01
   0.4945617      0.2194223E-01
   0.4798014      0.2258341E-01
   0.4650542      0.2324232E-01
   0.4503095      0.2390668E-01
   0.4355373      0.2455935E-01
   0.4207423      0.2521269E-01
   0.4059560      0.2586064E-01
   0.3911748      0.2649572E-01
   0.3763776      0.2711997E-01
   0.3616060      0.2773460E-01
   0.3468742      0.2832580E-01
   0.3321278      0.2889573E-01
   0.3174071      0.2944457E-01
   0.3027303      0.2996141E-01
   0.2880634      0.3044119E-01
   0.2734128      0.3088537E-01
   0.2588320      0.3128158E-01
   0.2442564      0.3162035E-01
   0.2297212      0.3190572E-01
   0.2152541      0.3211779E-01
   0.2008045      0.3225449E-01
   0.1864415      0.3230628E-01
   0.1721283      0.3225637E-01
   0.1578966      0.3210177E-01
   0.1437735      0.3181933E-01
   0.1297497      0.3139979E-01
   0.1159169      0.3082141E-01
   0.1022607      0.3006038E-01
   0.8894832E-01  0.2910035E-01
   0.7604805E-01  0.2789948E-01
   0.6378724E-01  0.2644415E-01
   0.5235448E-01  0.2470799E-01
   0.4204257E-01  0.2274797E-01
   0.3317778E-01  0.2066789E-01
   0.2589521E-01  0.1858878E-01
   0.2006630E-01  0.1659078E-01
   0.1543497E-01  0.1471066E-01
   0.1173212E-01  0.1293448E-01
   0.8737178E-02  0.1124902E-01
   0.6297287E-02  0.9627849E-02
   0.4306539E-02  0.8043746E-02
   0.2701178E-02  0.6471858E-02
   0.1464749E-02  0.4877889E-02
   0.6170110E-03  0.3243260E-02
   0.1440479E-03  0.1593873E-02
   0.0            0.0
   0.1440479E-03 -0.1593873E-02
   0.6170110E-03 -0.3243260E-02
   0.1464749E-02 -0.4877889E-02
   0.2701178E-02 -0.6471858E-02
   0.4306539E-02 -0.8043746E-02
   0.6297287E-02 -0.9627849E-02
   0.8737178E-02 -0.1124902E-01
   0.1173212E-01 -0.1293448E-01
   0.1543497E-01 -0.1471066E-01
   0.2006630E-01 -0.1659078E-01
   0.2589521E-01 -0.1858878E-01
   0.3317778E-01 -0.2066789E-01
   0.4204257E-01 -0.2274797E-01
   0.5235448E-01 -0.2470799E-01
   0.6378724E-01 -0.2644415E-01
   0.7604805E-01 -0.2789948E-01
   0.8894832E-01 -0.2910035E-01
   0.1022607     -0.3006038E-01
   0.1159169     -0.3082141E-01
   0.1297497     -0.3139979E-01
   0.1437735     -0.3181933E-01
   0.1578966     -0.3210177E-01
   0.1721283     -0.3225637E-01
   0.1864415     -0.3230628E-01
   0.2008045     -0.3225449E-01
   0.2152541     -0.3211779E-01
   0.2297212     -0.3190572E-01
   0.2442564     -0.3162035E-01
   0.2588320     -0.3128158E-01
   0.2734128     -0.3088537E-01
   0.2880634     -0.3044119E-01
   0.3027303     -0.2996141E-01
   0.3174071     -0.2944457E-01
   0.3321278     -0.2889573E-01
   0.3468742     -0.2832580E-01
   0.3616060     -0.2773460E-01
   0.3763776     -0.2711997E-01
   0.3911748     -0.2649572E-01
   0.4059560     -0.2586064E-01
   0.4207423     -0.2521269E-01
   0.4355373     -0.2455935E-01
   0.4503095     -0.2390668E-01
   0.4650542     -0.2324232E-01
   0.4798014     -0.2258341E-01
   0.4945617     -0.2194223E-01
   0.5093300     -0.2130905E-01
   0.5241110     -0.2066699E-01
   0.5389094     -0.2002499E-01
   0.5537161     -0.1938274E-01
   0.5685351     -0.1873583E-01
   0.5833651     -0.1809031E-01
   0.5981938     -0.1744662E-01
   0.6130121     -0.1680080E-01
   0.6278231     -0.1615465E-01
   0.6426329     -0.1551233E-01
   0.6574461     -0.1486620E-01
   0.6722688     -0.1422026E-01
   0.6871033     -0.1357666E-01
   0.7019325     -0.1293224E-01
   0.7167507     -0.1228518E-01
   0.7315642     -0.1164105E-01
   0.7463753     -0.1099634E-01
   0.7611886     -0.1034878E-01
   0.7760043     -0.9703895E-02
   0.7908225     -0.9056150E-02
   0.8056455     -0.8408054E-02
   0.8204701     -0.7760667E-02
   0.8352943     -0.7111506E-02
   0.8501176     -0.6464475E-02
   0.8649397     -0.5815863E-02
   0.8797634     -0.5166642E-02
   0.8945934     -0.4519719E-02
   0.9094195     -0.3873138E-02
   0.9242303     -0.3230337E-02
   0.9390062     -0.2593176E-02
   0.9536661     -0.1964442E-02
   0.9679720     -0.1353634E-02
   0.9812346     -0.7900143E-03
   0.9924959     -0.3149771E-03
    1.000000      0.0

