    SD7003
   1.000000       0.000000    
   0.9964659      0.3446370E-03
   0.9909970      0.9227913E-03
   0.9833139      0.1797838E-02
   0.9727227      0.3055621E-02
   0.9596118      0.4594306E-02
   0.9452666      0.6211440E-02
   0.9304065      0.7815210E-02
   0.9152627      0.9404315E-02
   0.8999945      0.1098029E-01
   0.8846897      0.1254663E-01
   0.8693766      0.1410433E-01
   0.8540593      0.1565223E-01
   0.8387310      0.1719171E-01
   0.8233913      0.1872513E-01
   0.8080520      0.2025301E-01
   0.7927252      0.2177208E-01
   0.7774110      0.2327918E-01
   0.7620976      0.2477354E-01
   0.7467752      0.2625737E-01
   0.7314448      0.2773228E-01
   0.7161168      0.2919757E-01
   0.7008012      0.3064950E-01
   0.6855011      0.3208463E-01
   0.6702127      0.3350046E-01
   0.6549308      0.3489569E-01
   0.6396529      0.3626897E-01
   0.6243789      0.3761865E-01
   0.6091106      0.3894264E-01
   0.5938499      0.4023868E-01
   0.5785987      0.4150455E-01
   0.5633585      0.4273782E-01
   0.5481285      0.4393596E-01
   0.5329056      0.4509666E-01
   0.5176846      0.4621815E-01
   0.5024627      0.4729972E-01
   0.4872419      0.4834046E-01
   0.4720296      0.4933890E-01
   0.4568342      0.5029100E-01
   0.4416591      0.5119189E-01
   0.4265019      0.5203710E-01
   0.4113560      0.5282328E-01
   0.3962180      0.5354805E-01
   0.3810899      0.5420884E-01
   0.3659790      0.5480213E-01
   0.3508925      0.5532221E-01
   0.3358331      0.5576323E-01
   0.3207999      0.5611957E-01
   0.3057909      0.5638576E-01
   0.2908078      0.5655638E-01
   0.2758560      0.5662577E-01
   0.2609435      0.5658607E-01
   0.2460779      0.5642867E-01
   0.2312663      0.5614493E-01
   0.2165159      0.5572416E-01
   0.2018337      0.5515511E-01
   0.1872272      0.5442611E-01
   0.1727102      0.5352288E-01
   0.1583066      0.5243208E-01
   0.1440485      0.5113657E-01
   0.1299673      0.4961438E-01
   0.1160915      0.4784369E-01
   0.1024675      0.4579908E-01
   0.8916871E-01  0.4346207E-01
   0.7629623E-01  0.4081079E-01
   0.6396764E-01  0.3783399E-01
   0.5238351E-01  0.3454001E-01
   0.4184922E-01  0.3100727E-01
   0.3264506E-01  0.2735764E-01
   0.2489470E-01  0.2373795E-01
   0.1869266E-01  0.2033639E-01
   0.1393353E-01  0.1730587E-01
   0.1032068E-01  0.1463904E-01
   0.7558396E-02  0.1227483E-01
   0.5420818E-02  0.1014313E-01
   0.3749452E-02  0.8192595E-02
   0.2443495E-02  0.6389453E-02
   0.1441349E-02  0.4710124E-02
   0.7011954E-03  0.3120795E-02
   0.2266715E-03  0.1612688E-02
   0.2580786E-04  0.1987560E-03
   0.1048651E-03 -0.1195641E-02
   0.5129677E-03 -0.2623489E-02
   0.1282180E-02 -0.4045381E-02
   0.2394899E-02 -0.5435648E-02
   0.3845886E-02 -0.6817364E-02
   0.5659951E-02 -0.8225618E-02
   0.7908065E-02 -0.9698908E-02
   0.1072081E-01 -0.1126593E-01
   0.1429535E-01 -0.1294324E-01
   0.1890822E-01 -0.1474841E-01
   0.2492834E-01 -0.1665903E-01
   0.3262249E-01 -0.1860691E-01
   0.4220140E-01 -0.2051531E-01
   0.5357686E-01 -0.2227773E-01
   0.6631676E-01 -0.2382008E-01
   0.7987452E-01 -0.2511137E-01
   0.9391531E-01 -0.2617064E-01
   0.1082578     -0.2701961E-01
   0.1228135     -0.2768678E-01
   0.1375266     -0.2819674E-01
   0.1523506     -0.2857234E-01
   0.1672538     -0.2882753E-01
   0.1822209     -0.2897617E-01
   0.1972481     -0.2903046E-01
   0.2123301     -0.2900156E-01
   0.2274579     -0.2890022E-01
   0.2426215     -0.2873400E-01
   0.2578136     -0.2850975E-01
   0.2730295     -0.2823395E-01
   0.2882663     -0.2791133E-01
   0.3035219     -0.2754626E-01
   0.3187949     -0.2714298E-01
   0.3340837     -0.2670497E-01
   0.3493860     -0.2623551E-01
   0.3646987     -0.2573785E-01
   0.3800183     -0.2521399E-01
   0.3953422     -0.2466517E-01
   0.4106691     -0.2409260E-01
   0.4259986     -0.2349732E-01
   0.4413312     -0.2288020E-01
   0.4566673     -0.2224210E-01
   0.4720075     -0.2158386E-01
   0.4873525     -0.2090653E-01
   0.5027019     -0.2021123E-01
   0.5180544     -0.1949912E-01
   0.5334081     -0.1877090E-01
   0.5487614     -0.1802665E-01
   0.5641130     -0.1726640E-01
   0.5794625     -0.1649019E-01
   0.5948105     -0.1569820E-01
   0.6101593     -0.1489060E-01
   0.6255127     -0.1406749E-01
   0.6408751     -0.1323002E-01
   0.6562486     -0.1238048E-01
   0.6716313     -0.1152140E-01
   0.6870184     -0.1065620E-01
   0.7024041     -0.9790063E-02
   0.7177834     -0.8928366E-02
   0.7331521     -0.8076237E-02
   0.7485068     -0.7237836E-02
   0.7638449     -0.6416976E-02
   0.7791644     -0.5617438E-02
   0.7944648     -0.4843193E-02
   0.8097485     -0.4098179E-02
   0.8250200     -0.3386075E-02
   0.8402811     -0.2709986E-02
   0.8555251     -0.2073142E-02
   0.8707377     -0.1480727E-02
   0.8859079     -0.9414579E-03
   0.9010336     -0.4641714E-03
   0.9161009     -0.5918904E-04
   0.9310510      0.2617191E-03
   0.9457518      0.4815472E-03
   0.9599340      0.5830707E-03
   0.9728028      0.5614482E-03
   0.9832600      0.4441360E-03
   0.9909485      0.2808999E-03
   0.9964569      0.1207560E-03
    1.000010       0.000000    
