N651810
1  0.0
0.99745 0.0028407
0.99395 0.0058136
0.98983 0.008901
0.98511 0.012153
0.97987 0.015536
0.97424 0.018975
0.96835 0.022406
0.96229 0.025791
0.95614 0.02911
0.94992 0.032354
0.94366 0.035526
0.93737   0.038631
0.93105   0.041672
0.9247   0.044654
0.91833   0.047582
0.91193   0.050459
0.90551   0.053288
0.89907   0.056068
0.8926   0.058803
0.88611   0.061495
0.8796   0.064144
0.87306   0.066751
0.8665   0.069313
0.85993   0.071832
0.85334   0.074311
0.84673   0.076749
0.84011   0.079146
0.83347   0.081501
0.82683   0.083814
0.82017   0.086087
0.8135   0.088321
0.80682   0.090514
0.80014   0.092665
0.79345   0.094775
0.78676   0.096844
0.78006   0.098872
0.77336   0.10086
0.76667   0.1028
0.75998   0.10471
0.75329   0.10657
0.74659   0.10839
0.73988   0.11017
0.73317   0.11192
0.72646   0.11363
0.71975   0.11529
0.71304   0.11692
0.70632   0.11851
0.6996   0.12006
0.69287   0.12157
0.68615   0.12305
0.67943   0.12448
0.67272   0.12588
0.666   0.12723
0.65928   0.12855
0.65256   0.12982
0.64584   0.13106
0.63911   0.13225
0.63239   0.13341
0.62567   0.13452
0.61895   0.1356
0.61222   0.13663
0.60548   0.13763
0.59874   0.13858
0.59201   0.13949
0.58528   0.14036
0.57856   0.14119
0.57184   0.14198
0.56512   0.14272
0.5584   0.14342
0.55168   0.14408
0.54496   0.14469
0.53825   0.14526
0.53155   0.14578
0.52484   0.14626
0.51814   0.14669
0.51143   0.14707
0.50473   0.14741
0.49802   0.14771
0.49132   0.14795
0.48462   0.14815
0.47791   0.14831
0.4712   0.14841
0.46447   0.14847
0.45774   0.14848
0.45101   0.14845
0.44428   0.14838
0.43755   0.14825
0.43081   0.14808
0.42407   0.14787
0.41733   0.14761
0.41058   0.1473
0.40382   0.14695
0.39707   0.14655
0.39032   0.14611
0.38357   0.14562
0.3768   0.14508
0.37002   0.1445
0.36324   0.14388
0.35645   0.14321
0.34966   0.14249
0.34287   0.14174
0.33609   0.14094
0.3293   0.14009
0.32251   0.1392
0.31572   0.13827
0.30894   0.13729
0.30217   0.13627
0.29542   0.1352
0.28866   0.13409
0.2819   0.13292
0.27514   0.13171
0.26839   0.13045
0.26165   0.12915
0.25491   0.12779
0.24819   0.12639
0.24146   0.12493
0.23473   0.12342
0.22801   0.12187
0.22131   0.12026
0.21462   0.1186
0.20794   0.11689
0.20127   0.11513
0.19461   0.1133
0.18795   0.11142
0.18132   0.10949
0.1747   0.1075
0.16811   0.10544
0.16151   0.10333
0.15493   0.10115
0.14837   0.098906
0.14184   0.096603
0.13533   0.094235
0.12885   0.091797
0.12239   0.089287
0.11596   0.086707
0.10958   0.08406
0.10325   0.081338
0.096943   0.078533
0.090663   0.075637
0.084415   0.072654
0.078221   0.069589
0.072095   0.066443
0.066046   0.063215
0.060091   0.059907
0.054256   0.056527
0.048568   0.053081
0.043056   0.049583
0.037771   0.046063
0.032781   0.042565
0.028153   0.039144
0.023954   0.035865
0.020231   0.032793
0.016995   0.029968
0.014214   0.027401
0.011839   0.025084
0.0098117   0.022996
0.0080768   0.021109
0.0065846   0.019393
0.0052934   0.017822
0.0041699   0.016373
0.0031877   0.015028
0.0023264   0.013771
0.0015712   0.012589
0.00091047   0.011472
0.00033725   0.010409
-0.00015431   0.0093942
-0.00056711   0.0084218
-0.0009036   0.0074884
-0.001166   0.0065927
-0.0013563   0.0057344
-0.0014769   0.0049143
-0.0015307   0.0041346
-0.0015202   0.0033981
-0.001448   0.0027077
-0.0013158   0.0020662
-0.0011244   0.001478
-0.00087511   0.00095221
-0.00058061   0.00048547
-0.00021185   0.00012132
0.00022161   -0.00012132
0.00066688   -0.0003488
0.0011188   -0.00060238
0.0016124   -0.00082607
0.0021372   -0.0010302
0.0026927   -0.0012119
0.0032812   -0.0013695
0.0039051   -0.0015011
0.004566   -0.0016046
0.0052655   -0.0016781
0.0060055   -0.0017194
0.006789   -0.0017271
0.00762   -0.0017009
0.008503   -0.0016406
0.0094449   -0.0015469
0.010453   -0.0014212
0.011539   -0.0012637
0.012714   -0.001075
0.013994   -0.00085364
0.015397   -0.00059728
0.016946   -0.00030154
0.01867   3.9628e-05
0.020604   0.00043375
0.022792   0.00088963
0.025287   0.0014171
0.028143   0.002026
0.031415   0.0027268
0.035147   0.0035271
0.039361   0.0044268
0.044034   0.005414
0.049104   0.0064697
0.054494   0.0075742
0.060131   0.0087074
0.065947   0.009851
0.07189   0.010994
0.077934   0.012131
0.084059   0.013254
0.090239   0.014358
0.096462   0.015442
0.10272   0.016503
0.10901   0.01754
0.1153   0.018551
0.12158   0.019537
0.12788   0.020506
0.13419   0.021458
0.14053   0.022392
0.14689   0.023305
0.15324   0.024197
0.1596   0.025069
0.16597   0.025925
0.17236   0.026762
0.17876   0.027579
0.18515   0.028375
0.19153   0.029153
0.19792   0.029915
0.20432   0.030661
0.21073   0.03139
0.21714   0.032102
0.22354   0.032795
0.22994   0.033473
0.23635   0.034137
0.24276   0.034787
0.24918   0.035422
0.2556   0.03604
0.26202   0.036642
0.26842   0.03723
0.27483   0.037804
0.28124   0.038366
0.28766   0.038914
0.29408   0.039449
0.30049   0.039969
0.30689   0.040477
0.31329   0.040974
0.3197   0.041461
0.32611   0.041936
0.33253   0.042399
0.33896   0.042849
0.34537   0.043287
0.35178   0.043713
0.35819   0.044129
0.3646   0.044534
0.37101   0.044928
0.37741   0.045311
0.38381   0.045684
0.39019   0.046049
0.39656   0.046406
0.40292   0.046757
0.40928   0.047102
0.41565   0.047442
0.42201   0.047777
0.42837   0.048105
0.43473   0.048428
0.44107   0.048747
0.44742   0.049063
0.45377   0.049375
0.46012   0.049684
0.46647   0.049988
0.47282   0.050288
0.47916   0.050585
0.4855   0.05088
0.49183   0.051172
0.49817   0.051464
0.50452   0.051753
0.51087   0.052039
0.51723   0.052322
0.52358   0.052602
0.52995   0.052879
0.53632   0.053152
0.5427   0.05342
0.5491   0.053684
0.5555   0.053941
0.56192   0.054191
0.56834   0.054433
0.57477   0.054668
0.5812   0.054893
0.58765   0.05511
0.59412   0.055316
0.60059   0.055511
0.60708   0.055692
0.61357   0.055861
0.62006   0.056016
0.62656   0.056159
0.63306   0.056288
0.63958   0.056402
0.64612   0.0565
0.65266   0.056582
0.6592   0.056647
0.66576   0.056694
0.67232   0.056724
0.6789   0.056734
0.6855   0.056723
0.69211   0.05669
0.69872   0.056634
0.70535   0.056554
0.71198   0.05645
0.71862   0.056322
0.72527   0.056168
0.73194   0.055986
0.73861   0.055776
0.7453   0.055537
0.75198   0.055269
0.75868   0.054971
0.7654   0.05464
0.77213   0.054276
0.77887   0.053876
0.78563   0.053439
0.79239   0.052964
0.79917   0.052449
0.80595   0.051894
0.81273   0.051296
0.81952   0.050652
0.82631   0.049961
0.83311   0.049221
0.83991   0.04843
0.8467   0.047588
0.85349   0.046691
0.86027   0.045736
0.86706   0.044721
0.87383   0.043643
0.8806   0.042499
0.88735   0.041286
0.89409   0.039998
0.90082   0.038632
0.90753   0.037182
0.91423   0.035644
0.92091   0.034012
0.92757   0.032277
0.93421   0.030433
0.94083   0.02847
0.94742   0.026381
0.95396   0.024156
0.96044   0.021786
0.96681   0.019271
0.97301   0.016617
0.97893   0.013852
0.98443   0.011026
0.98937   0.0082045
0.99367   0.0054334
0.99732   0.0026979
1    0.0
